
===============================================================================
                                Estimate Std. Error   df    t value Pr(> | t| )
-------------------------------------------------------------------------------
(Intercept)                      0.813     0.091    390.827  8.970       0     
Q_typesympathy                   -1.461    0.107    775.244 -13.686      0     
Q_typeunfair                     -0.663    0.107    775.244 -6.206       0     
group4control                    -0.119    0.146    406.125 -0.814     0.416   
group4depression                 -0.154    0.143    407.219 -1.081     0.280   
group4ideator                    -0.086    0.140    378.104 -0.614     0.540   
Q_typesympathy:group4control     0.049     0.173    775.244  0.284     0.776   
Q_typeunfair:group4control       -0.234    0.173    775.244 -1.358     0.175   
Q_typesympathy:group4depression  0.242     0.169    775.244  1.430     0.153   
Q_typeunfair:group4depression    -0.046    0.169    775.244 -0.269     0.788   
Q_typesympathy:group4ideator     0.006     0.164    775.244  0.038     0.970   
Q_typeunfair:group4ideator       -0.289    0.164    775.244 -1.764     0.078   
-------------------------------------------------------------------------------
