
===============================================================================
                                Estimate Std. Error   df    t value Pr(> | t| )
-------------------------------------------------------------------------------
(Intercept)                      0.061     0.115    420.415  0.527     0.599   
Q_typesympathy                   -0.457    0.144    578.096 -3.162     0.002   
Q_typeunfair                     0.417     0.144    578.096  2.887     0.004   
group4control                    -0.086    0.182    410.883 -0.470     0.638   
group4depression                 -0.255    0.180    423.378 -1.417     0.157   
group4ideator                    -0.150    0.176    422.616 -0.854     0.394   
Q_typesympathy:group4control     0.148     0.227    578.096  0.651     0.515   
Q_typeunfair:group4control       -0.182    0.227    578.096 -0.800     0.424   
Q_typesympathy:group4depression  0.241     0.226    578.096  1.064     0.288   
Q_typeunfair:group4depression    0.260     0.226    578.096  1.150     0.250   
Q_typesympathy:group4ideator     0.029     0.221    578.096  0.132     0.895   
Q_typeunfair:group4ideator       0.278     0.221    578.096  1.255     0.210   
-------------------------------------------------------------------------------
